(2651558219817923218885823963897260420176545960343598667867618915660, 11285816086368751074109807519682248739109554636148737271500083537417)
(15159143958487838460075807722657200246551544153777271489563240754127, 15574028065051178976252376196210445119143972043472176642720172824755)
(7334771057693645276373675422605645698307853033502318431556090316928, 6063664160680809155067032900851770429777185431953964702591332774751)
(928813147850498035541325046699769660854294047481987393214283003280, 2359099476212088034126071969947328704946886362350965235806751873933)
(10756179914730048417034591322991978275926820605297796431931889472674, 2349069276798971208875587309205974111570897310059935267460698787788)
(5395032251012269871339702026358544368409728696829831137765135028710, 14541819319033398596067833169973598645287341185811419362483931783080)
(7707755349429495659081900965148964403842406770852558806614847175682, 7916779517282712595083104629413988726608383004702906141922602933402)
(8098866315261554816535142111632690419097404681325212258803857977062, 7486882204317626188147283131494263880908962953665482516614967081469)
(6585255977570662636366961627967477649303885975481667867002696710900, 7050405537230656640841278656385704509298147260795206532189278359688)
(9733185020571255364851834495254193616397113258442029083450145893092, 14538877554014218885469149222290514169647117667714352125531034512881)
(476382690090526362242110565278819708767706623772259921405889478044, 6629120796071917463067134836627343917592036512490288602623696238384)
(11658423900110864391219329183839322243249235714791059601340802196208, 6309138805333718533163024368819064891035022958432616288605553865275)
(6624480284442737902170118511976620228495533535417309953409286312688, 1585040354840052038493822588306877769807152286806711020282983083323)
(12500492501896641877943474224842595722088756387252325695802412043965, 15791887939377716915772190131671032089627700508416675633562539289043)
(790911772304570751431732853300786781785988499657744022403336570087, 7290481987895296622377849484817569567851785511571138304802515237238)
(14768876072589989591802829850125118348444835711265544481946738102522, 12276139584405885626209147904885272298662855591983062665819395492901)
(2720379820192652433716681505472760118612194441261895908434968343267, 11009896938993997051452180649011069356079650275512031692997316449738)
(10929710272021428918709699423132485135279826072973367875338765673546, 5609221737242798070789409810240458330622610364332606783276719790040)
(6138570840922629831774582509339593535872131768273566238642001258637, 5091543827605292439524069263267534093895949138610994913158756383227)
